, , 11111111 11001111011111. -

6411010010 691. 648 149901. 327. 989. 474
Agrimonioides ⁶43 488. 515. 58¹· 889591
111 ..1 1111111·63Ῐ
69011910700111 4 616110 affinis · 203
61010]Ι 009. 904 6160011060 1411
6111 1485· 1486 61110010τωί1 119
mags κ 7¹91 61600110 185
6110011 619 6161101601 1190179
1111100ῐὰ11 1454 6110001801 1474
Maternus 081 611100 9411944960 961. 964
6100000 471. 498 ν 968. 971. 979. 976978
mmmmmww ww

964. 965· 971. 974. 976 61110011101111 94ῑ
11000 0818181ειιοὶ’· 964 mna} ’ ¹333
1101001110 179. 901. 401. 581 6171101610 909. 910 .
,1101111 , 816 6176011 17. 8190894. 896.
110601010911111 899. 849. 846 . 908. 09· ι
m , 848. 1 99911οἓ811896918916.
‘g 1614.1617.1630.18Ξ8 61088090 ’

1634. 1697. 6111011110
1190100170100 1694 6111000ῐο
1171011101 ’ - 1375 6010100111
1111111110 498 Amara 106100 1 ¹433
11110011 , 491 6110100110 affinis 30¹
1111011 1111. 1141 6001101101001 198. 900. 301
1111011091 060 061. 069. 1670 6001001111 177.19ς·197.900
11111110 91 838. 1496.
⁶⁵⁶· 1ςέ 11111.
1101011910 881688 Ambe! =
1101101ἰο 966 6011101101 1086
1111161060 1111100 60111080 9041189
1111111 140. 280. ¹39⁴ 6001100111 ¹1 “
11070· 404. 456. 457. 461 60101101 11791011. 1006
1109000101 - ,811 60111110 ¹399
6091911101 79. 236 Ameri υ 1061
111111* , 1111181ἑ1’118....
,1601610111 407 6111001001 mm.
,111110 718. 19119131. 1691611010 543

14.10.“1

ΉΜΜ 60

 

ς. 203. 1414610101 461. 363. 967 ’

